22526
9261
28014
9832
3384
20519
11011
3237
25031
31710
23459
19853
15118
28804
16621
11067
22388
12597
13778
19672
5685
11555
1963
13284
29618
32103
7408
9902
9080
23675
18526
25849
13384
5706
5339
24064
11350
24150
8213
3459
14124
954
24635
2719
5551
19105
11597
14541
15505
6999
18420
16172
3533
11177
6918
17993
16206
15228
4562
5204
13780
16468
32153
9495
23127
11314
24177
10817
14074
8885
19950
7389
13244
9991
30013
9335
17397
16598
26246
9065
29184
10033
9047
27705
13152
1582
1501
12701
25749
8703
13962
29795
16855
11046
28325
19557
12482
24768
8251
8047
