340
331
477
357
352
437
482
330
328
252
426
372
236
471
273
442
243
496
315
248
473
244
252
202
223
364
467
326
439
342
365
347
347
293
466
420
269
460
374
234
285
458
275
278
429
391
310
366
478
378
236
419
319
356
252
455
336
393
350
462
388
465
426
391
372
412
290
309
425
369
311
489
254
463
304
291
412
333
209
481
394
341
327
350
499
304
438
438
273
459
290
422
209
363
429
449
403
437
438
495
351
376
238
227
335
434
280
279
296
241
359
223
204
440
297
424
400
392
297
247
356
255
443
352
481
369
346
294
399
253
463
495
346
434
374
221
404
321
430
451
226
407
236
389
271
200
292
488
368
483
379
332
342
379
344
212
204
317
231
428
274
412
341
269
202
233
289
313
345
430
381
324
328
349
285
446
216
377
358
334
367
278
365
446
214
394
484
388
348
333
383
273
291
302
485
415
495
491
445
427
209
207
358
440
424
236
252
422
407
217
230
244
482
488
260
368
314
488
462
253
233
320
368
444
489
380
311
482
225
290
369
336
384
380
444
425
312
391
409
412
444
458
476
229
279
402
303
217
377
278
250
401
231
392
410
286
478
479
422
268
234
221
338
255
386
246
298
351
467
201
294
379
209
402
465
500
252
434
370
495
277
359
312
452
462
236
474
379
410
493
353
488
390
311
359
270
425
343
455
432
492
487
451
271
479
382
251
404
221
319
308
302
256
378
250
483
420
481
232
288
219
296
455
234
444
327
299
312
467
329
203
350
392
379
225
463
473
259
495
294
457
363
229
476
394
441
217
327
311
248
232
396
466
261
246
360
242
428
263
204
498
325
369
236
264
346
263
464
476
215
468
373
429
378
227
367
270
209
368
446
421
490
407
233
293
499
406
427
482
308
254
457
457
472
221
490
303
207
272
426
277
308
411
468
350
402
206
426
421
452
333
359
203
366
409
410
311
453
257
209
235
408
237
215
472
362
305
424
470
237
432
214
466
445
436
226
226
473
465
473
455
305
448
388
385
469
276
427
332
450
235
294
324
211
280
379
229
403
324
495
355
297
373
481
230
223
296
483
416
397
405
349
312
346
366
386
401
420
440
259
455
257
269
273
383
315
464
358
354
440
499
431
435
382
366
465
437
393
491
351
